epoch=1 crossentropy(train): 2.2952211269698872
epoch=1 crossentropy(validation): 2.1502231738985618
epoch=2 crossentropy(train): 1.9953406943655545
epoch=2 crossentropy(validation): 1.8780601379038728
error(train): 0.73
error(validation): 0.72
